6.320001612141132874e-01
6.025496874892797283e-01
5.847370937470564023e-01
5.721021578500560256e-01
5.599862010461938988e-01
5.466909431439601619e-01
5.345508948650647962e-01
5.253027795199586292e-01
5.194344251172887672e-01
5.156976211383311748e-01
5.131007356598251690e-01
5.110573909938193049e-01
5.093702504041176526e-01
5.080139003565905531e-01
5.068528389261967027e-01
5.059355315817636312e-01
5.051978556969141110e-01
5.045495266540872548e-01
5.039759809045319949e-01
5.034556709985059664e-01
5.029657431997676120e-01
5.025384428009654902e-01
5.021249849854969582e-01
5.017649066072823461e-01
5.014656676237277955e-01
5.011933833620919598e-01
5.008854895364862614e-01
5.006336784766571846e-01
5.003789631769625101e-01
5.001969706226701007e-01
4.999357290481190041e-01
4.997159509186897552e-01
4.995089141929487386e-01
4.993466275588139269e-01
4.992324804843307762e-01
4.989965306242548637e-01
4.988928464361838122e-01
4.987376727702031443e-01
4.986365801302583556e-01
4.984997993236056080e-01
4.983798050713242334e-01
4.983184618368196594e-01
4.981524465212780473e-01
4.980546921042103836e-01
4.979858492678768123e-01
4.979067163891374714e-01
4.977794325865901870e-01
4.976799581599128386e-01
4.976191243250933649e-01
4.975295438041570928e-01
4.974511154005848423e-01
4.973879260466697594e-01
4.973042268196594673e-01
4.972062139764731881e-01
4.971504095970369907e-01
4.970894439190776115e-01
4.970394579245634437e-01
4.970057222476614855e-01
4.968977206344483144e-01
4.968285534031083861e-01
4.968229148021353625e-01
4.967429904150376108e-01
4.966809276425355746e-01
4.966552593809613891e-01
4.965718238244583027e-01
4.965692998303657957e-01
4.965148410190820538e-01
4.964350150214455470e-01
4.964459471741691776e-01
4.963754869684021132e-01
4.963460921468353937e-01
4.962908014651170041e-01
4.963065163030546123e-01
4.962541819896355011e-01
4.961630248556568867e-01
4.961686851202921078e-01
4.961032092997118559e-01
4.960735384734669129e-01
4.960356849342087981e-01
4.959854204823775925e-01
4.959595766639103842e-01
4.959579695939828614e-01
4.959494247736833672e-01
4.958728547842611856e-01
4.958521825165053132e-01
4.958209724346144820e-01
4.958980439058779943e-01
4.957476448337689301e-01
4.957164267078534858e-01
4.957277211807934458e-01
4.956657195586506859e-01
4.956318572829974123e-01
4.956102752202905526e-01
4.956150357134602724e-01
4.956010487950898713e-01
4.955271005977490151e-01
4.954995735513687549e-01
4.954720240448101110e-01
4.954866889403843899e-01
4.954236351992598597e-01
4.953959868142894241e-01
4.953653222118997723e-01
4.953546440058771427e-01
4.953477994478956981e-01
4.953031851031471922e-01
4.952695171695501442e-01
4.952655596593032450e-01
4.952679954214870839e-01
4.952800872623052686e-01
4.951803688572083417e-01
4.951364278052022838e-01
4.951108249289297158e-01
4.950790421676938835e-01
4.950950984113838826e-01
4.950231601634206280e-01
4.949688488180342683e-01
4.949522694603858408e-01
4.949741280167214708e-01
4.949211841712839455e-01
4.949046935660399438e-01
4.948951328406418493e-01
4.948742512784076175e-01
4.948189967711408843e-01
4.948290148151081591e-01
4.948155158456906677e-01
4.947786644735989725e-01
4.947532466729818723e-01
4.947645228102775516e-01
4.947355045989001998e-01
4.947292312139807136e-01
4.947879165608152774e-01
4.946923285257440739e-01
4.946659161840112340e-01
4.946623544397730221e-01
4.946605545735037190e-01
4.946691680676914005e-01
4.946236762066119619e-01
4.945891791470122256e-01
4.945891702354948127e-01
4.945962428258001142e-01
4.946229405726790818e-01
4.945652906179869857e-01
4.945359493522740180e-01
4.945111230082788190e-01
4.945478020962914001e-01
4.945553825011357874e-01
4.944988146254737926e-01
4.944891084136392445e-01
4.944605037755327448e-01
4.945280328333835351e-01
4.944610008568194881e-01
4.944256244197223760e-01
4.944699819629297943e-01
4.944281999034583763e-01
4.944118139493967057e-01
4.944202730061989515e-01
4.943951264627082787e-01
4.943702773194238453e-01
4.943950047140305837e-01
4.943690585944979787e-01
4.943717577275096864e-01
4.943751713749465759e-01
4.943447487084251524e-01
4.943387406422493080e-01
4.943061756548284835e-01
4.943262599359337095e-01
4.943443729578423373e-01
4.942930262692550869e-01
4.942824706794030076e-01
4.942617668427938815e-01
4.942664566983871466e-01
4.942706525798953310e-01
4.942475555592285019e-01
4.942606038187949968e-01
4.942281481512452723e-01
4.942288586199993228e-01
4.942067808324491218e-01
4.941902349836834740e-01
4.942281840654490499e-01
4.941851313103440835e-01
4.941995703423265884e-01
4.941776754616997169e-01
4.941736575187467007e-01
4.941460194175096299e-01
4.942027037659155742e-01
4.941331403348205309e-01
4.941362469213353981e-01
4.941285478434697676e-01
4.941142544635359624e-01
4.940864747874665341e-01
4.940933999828511225e-01
4.940622482832287554e-01
4.940711900051638628e-01
4.940877139300194898e-01
4.940687945340795917e-01
4.940778254737107078e-01
4.940551953219206593e-01
4.940716059443243657e-01
4.940366527096686777e-01
4.940375471342237645e-01
4.940175036883726611e-01
4.940593034920158777e-01
4.940239470624582796e-01
4.940051202280050235e-01
4.939743109199223881e-01
4.940147859989003631e-01
4.939851603690326720e-01
4.939708967362171910e-01
4.939608775802818430e-01
4.939787876088646557e-01
4.939521085998311301e-01
4.939527939980419280e-01
4.939346795329406792e-01
4.940149561773377607e-01
4.939178536890296844e-01
4.939368649840070735e-01
4.939883308897702330e-01
4.938987514413705759e-01
4.939009851723570321e-01
4.939672065557200731e-01
4.938884808860086184e-01
4.938787050381575061e-01
4.938527862525358691e-01
4.938638718174260256e-01
4.939009563163904715e-01
4.938527016404382075e-01
4.938651734510089986e-01
4.938361081032249800e-01
4.938576987304520993e-01
4.938671374311520146e-01
4.938589383304103353e-01
4.938130149783896417e-01
4.938112147020328191e-01
4.938003175723612581e-01
4.938366178893386915e-01
4.938137513694071945e-01
4.937749366244174598e-01
4.938353330141402320e-01
4.937949859140158271e-01
4.937843303968743047e-01
4.937643859240705146e-01
4.937826954725401118e-01
4.937647631572774642e-01
4.938195535874171371e-01
4.937673955012263916e-01
4.937346172919504506e-01
4.937370934240967735e-01
4.937296846566549546e-01
4.937570185123785760e-01
4.937090821984143063e-01
4.937232888606087333e-01
4.937186550844848143e-01
4.937159770078903831e-01
4.937140644779594023e-01
4.936804764719985861e-01
4.937107447011346295e-01
4.936791599175386902e-01
4.936921489904342875e-01
4.937407533921839842e-01
4.936746686941481665e-01
4.936848795502297715e-01
4.936563924652900837e-01
4.936377062198818444e-01
4.936567204564486500e-01
4.936504786955865365e-01
4.936225589825129489e-01
4.936524624387938487e-01
4.936306415631929179e-01
4.936349855257298191e-01
4.936372567560660674e-01
4.936754665588632407e-01
4.935873346957746488e-01
4.936125087466748385e-01
4.936008877730868050e-01
4.936140031608269862e-01
4.935992743941203797e-01
4.935986004389288362e-01
4.935613932291582628e-01
4.935663576698959276e-01
4.935752749206465118e-01
4.935844693353612089e-01
4.935856227144169162e-01
4.935717746737647293e-01
4.935555838030714071e-01
4.935861539828080291e-01
4.935493011990688683e-01
4.935670556546393195e-01
4.935645535686843388e-01
4.935319555376723732e-01
4.935286645142922812e-01
4.935175717176663035e-01
4.935563253990459809e-01
4.935235749810862882e-01
4.935357940673323340e-01
4.935119445123947735e-01
4.935502633117248017e-01
4.934844197372684760e-01
4.935847464125759920e-01
4.934719940299993057e-01
4.935029668683695303e-01
